E:\Codes\yolov4-pytorch/VOCdevkit/VOC2007/JPEGImages/000000.jpg 60,66,910,1108,0
E:\Codes\yolov4-pytorch/VOCdevkit/VOC2007/JPEGImages/000002.jpg 37,32,76,84,0 165,103,208,158,0 178,71,213,113,0 221,44,251,88,0 249,61,283,112,0 335,60,376,112,0 344,107,385,163,0 372,59,402,110,0 409,77,454,136,0 9,75,46,124,1
E:\Codes\yolov4-pytorch/VOCdevkit/VOC2007/JPEGImages/000003.jpg 242,69,282,125,0 282,69,324,128,0 313,49,363,120,0 152,38,241,132,1 297,114,423,257,1 348,47,424,124,1
E:\Codes\yolov4-pytorch/VOCdevkit/VOC2007/JPEGImages/000004.jpg 366,79,410,124,0 437,33,477,69,1 420,91,444,123,1
E:\Codes\yolov4-pytorch/VOCdevkit/VOC2007/JPEGImages/000005.jpg 378,109,458,179,0
E:\Codes\yolov4-pytorch/VOCdevkit/VOC2007/JPEGImages/000006.jpg 129,191,154,219,0 244,112,285,157,0 425,1,500,69,0 61,248,67,257,1
E:\Codes\yolov4-pytorch/VOCdevkit/VOC2007/JPEGImages/000007.jpg 418,85,433,102,0 197,86,204,93,1 298,176,307,186,0
E:\Codes\yolov4-pytorch/VOCdevkit/VOC2007/JPEGImages/000008.jpg 13,270,41,300,0 90,296,116,322,0 235,209,259,232,0
E:\Codes\yolov4-pytorch/VOCdevkit/VOC2007/JPEGImages/000009.jpg 247,69,345,185,0 57,115,145,209,1 368,33,464,152,1 531,1,650,109,1
E:\Codes\yolov4-pytorch/VOCdevkit/VOC2007/JPEGImages/000010.jpg 180,92,237,159,0
E:\Codes\yolov4-pytorch/VOCdevkit/VOC2007/JPEGImages/000011.jpg 141,1,220,98,0 232,18,337,156,0
E:\Codes\yolov4-pytorch/VOCdevkit/VOC2007/JPEGImages/000012.jpg 3,170,279,470,0 333,116,493,352,0 518,1,799,301,0
E:\Codes\yolov4-pytorch/VOCdevkit/VOC2007/JPEGImages/000013.jpg 268,129,345,219,0
E:\Codes\yolov4-pytorch/VOCdevkit/VOC2007/JPEGImages/000014.jpg 274,31,365,139,0 125,77,146,97,1
E:\Codes\yolov4-pytorch/VOCdevkit/VOC2007/JPEGImages/000015.jpg 159,134,263,263,0 238,102,299,176,0 394,80,456,161,0 509,93,577,175,0 100,117,109,129,1 121,90,126,96,1 147,93,153,100,1 135,95,140,101,1 133,104,139,112,1 506,126,518,143,1
E:\Codes\yolov4-pytorch/VOCdevkit/VOC2007/JPEGImages/000016.jpg 329,193,362,236,0
E:\Codes\yolov4-pytorch/VOCdevkit/VOC2007/JPEGImages/000017.jpg 306,5,453,185,0 1,51,222,324,0
E:\Codes\yolov4-pytorch/VOCdevkit/VOC2007/JPEGImages/000019.jpg 306,134,353,189,0 421,124,470,184,0 641,45,711,119,0 550,80,565,96,0 540,65,550,80,0 565,72,579,91,0 335,73,348,91,1 404,72,419,93,1 381,69,393,86,1 284,70,296,87,1 293,72,304,88,1 307,75,317,89,1 318,75,330,91,1 261,74,274,92,1 245,74,256,89,1 232,67,243,83,1 225,71,236,87,1 215,71,226,87,1 207,68,215,78,1 614,83,625,99,0 596,76,607,89,0 607,76,618,86,0 551,66,561,80,0 561,71,570,83,0 544,77,553,92,1 494,69,503,81,0 521,69,529,83,0 368,72,382,91,1 393,71,404,86,0 257,68,268,84,1 29,53,47,74,1 6,67,29,91,0
E:\Codes\yolov4-pytorch/VOCdevkit/VOC2007/JPEGImages/000020.jpg
E:\Codes\yolov4-pytorch/VOCdevkit/VOC2007/JPEGImages/000021.jpg 1,1,96,127,0 169,41,242,116,0 245,35,299,106,0 321,27,384,111,0 377,38,420,103,0 74,53,117,115,1
E:\Codes\yolov4-pytorch/VOCdevkit/VOC2007/JPEGImages/000022.jpg
E:\Codes\yolov4-pytorch/VOCdevkit/VOC2007/JPEGImages/000023.jpg 278,1,448,173,0
E:\Codes\yolov4-pytorch/VOCdevkit/VOC2007/JPEGImages/000024.jpg 162,27,450,410,0
E:\Codes\yolov4-pytorch/VOCdevkit/VOC2007/JPEGImages/000025.jpg 493,536,530,581,0 316,530,351,574,0 53,380,113,459,0 105,236,159,308,0 139,138,186,190,0 345,220,367,251,0 366,234,387,266,0 214,71,237,105,1
E:\Codes\yolov4-pytorch/VOCdevkit/VOC2007/JPEGImages/000026.jpg 179,173,232,243,0 268,113,326,191,0 357,151,394,196,0 480,123,521,180,0 506,109,578,189,0
E:\Codes\yolov4-pytorch/VOCdevkit/VOC2007/JPEGImages/000027.jpg 49,55,416,450,0
E:\Codes\yolov4-pytorch/VOCdevkit/VOC2007/JPEGImages/000028.jpg
E:\Codes\yolov4-pytorch/VOCdevkit/VOC2007/JPEGImages/000029.jpg 394,36,479,149,0 495,8,596,141,0 272,213,285,229,1 239,253,251,265,1 228,259,239,271,1 206,215,223,234,1 84,222,95,235,1 69,214,81,228,1
E:\Codes\yolov4-pytorch/VOCdevkit/VOC2007/JPEGImages/000030.jpg 113,160,181,244,0 300,175,347,225,1 514,177,552,222,1 568,149,613,205,1 627,142,678,206,1 690,188,740,239,1 749,142,800,208,1 614,155,640,201,0 454,176,508,236,1 391,157,461,230,1 163,181,197,227,1 82,190,112,230,0 1,190,22,221,0 49,150,91,195,1
E:\Codes\yolov4-pytorch/VOCdevkit/VOC2007/JPEGImages/000031.jpg 226,86,265,139,0 53,99,141,194,1 376,161,431,219,1 330,173,383,240,1 295,107,351,171,1 368,92,413,151,1 340,120,378,168,1 476,111,504,143,1 506,96,529,122,1 457,95,479,122,1 418,90,435,112,1 166,135,218,199,1 127,98,186,170,1 419,107,442,133,1 494,108,520,139,1 434,129,481,171,1
E:\Codes\yolov4-pytorch/VOCdevkit/VOC2007/JPEGImages/000032.jpg 183,191,306,347,0 325,204,442,344,0 483,253,573,370,0 604,231,697,343,0 882,218,975,326,0 979,218,1084,350,0 1142,139,1256,293,0
E:\Codes\yolov4-pytorch/VOCdevkit/VOC2007/JPEGImages/000033.jpg 1,106,50,166,0 207,116,264,180,0 262,133,309,190,0 378,120,424,172,0 552,127,596,185,0 94,146,135,188,1 188,137,215,172,1 478,157,519,208,1 475,136,513,168,1 593,129,633,175,0 671,126,708,174,1 709,133,744,177,1
E:\Codes\yolov4-pytorch/VOCdevkit/VOC2007/JPEGImages/000034.jpg 139,373,197,435,0 653,369,722,440,0
E:\Codes\yolov4-pytorch/VOCdevkit/VOC2007/JPEGImages/000035.jpg 148,83,312,292,0 330,130,472,304,0 613,45,748,242,0
E:\Codes\yolov4-pytorch/VOCdevkit/VOC2007/JPEGImages/000036.jpg 477,241,551,329,0 597,251,671,340,0 685,248,771,350,0 899,220,1016,363,0
E:\Codes\yolov4-pytorch/VOCdevkit/VOC2007/JPEGImages/000037.jpg 381,21,409,53,0 91,22,119,51,1
E:\Codes\yolov4-pytorch/VOCdevkit/VOC2007/JPEGImages/000038.jpg 226,115,323,240,0
E:\Codes\yolov4-pytorch/VOCdevkit/VOC2007/JPEGImages/000039.jpg 57,18,91,61,0 95,34,126,65,0
E:\Codes\yolov4-pytorch/VOCdevkit/VOC2007/JPEGImages/000040.jpg 289,10,603,286,0
E:\Codes\yolov4-pytorch/VOCdevkit/VOC2007/JPEGImages/000041.jpg 250,70,293,130,0
E:\Codes\yolov4-pytorch/VOCdevkit/VOC2007/JPEGImages/000042.jpg 282,88,341,158,0 251,80,300,121,0 117,121,291,306,0
E:\Codes\yolov4-pytorch/VOCdevkit/VOC2007/JPEGImages/000043.jpg 133,1,391,240,0
E:\Codes\yolov4-pytorch/VOCdevkit/VOC2007/JPEGImages/000044.jpg 1,96,25,127,0 273,88,303,129,0 326,84,355,121,0
E:\Codes\yolov4-pytorch/VOCdevkit/VOC2007/JPEGImages/000045.jpg 57,130,97,171,0 194,53,224,84,0
E:\Codes\yolov4-pytorch/VOCdevkit/VOC2007/JPEGImages/000046.jpg 323,168,407,263,0 399,273,478,358,0 673,242,779,360,0
E:\Codes\yolov4-pytorch/VOCdevkit/VOC2007/JPEGImages/000048.jpg 1,142,32,195,0 70,148,113,198,0 135,161,168,203,0 209,159,247,206,0
E:\Codes\yolov4-pytorch/VOCdevkit/VOC2007/JPEGImages/000049.jpg 171,44,238,128,0
E:\Codes\yolov4-pytorch/VOCdevkit/VOC2007/JPEGImages/000050.jpg 150,65,222,139,0 235,107,283,164,0 324,86,372,135,0
